2.300000000000000000e+01
3.167999999999999972e+01
3.947999999999999687e+01
4.671999999999999886e+01
5.197999999999999687e+01
5.693999999999999773e+01
6.384000000000000341e+01
7.017000000000000171e+01
7.298999999999999488e+01
7.417000000000000171e+01
7.618999999999999773e+01
7.487000000000000455e+01
7.937000000000000455e+01
7.773999999999999488e+01
7.928000000000000114e+01
7.996999999999999886e+01
8.209000000000000341e+01
8.314000000000000057e+01
8.175000000000000000e+01
8.245000000000000284e+01
8.126999999999999602e+01
8.443000000000000682e+01
8.054999999999999716e+01
8.595999999999999375e+01
8.426999999999999602e+01
8.593999999999999773e+01
8.648000000000000398e+01
8.428000000000000114e+01
8.410999999999999943e+01
8.390000000000000568e+01
8.746999999999999886e+01
8.728000000000000114e+01
8.657999999999999829e+01
8.509000000000000341e+01
8.479000000000000625e+01
8.534000000000000341e+01
8.532999999999999829e+01
8.418999999999999773e+01
8.518000000000000682e+01
8.482999999999999829e+01
8.685999999999999943e+01
8.623000000000000398e+01
8.789000000000000057e+01
8.745999999999999375e+01
8.914000000000000057e+01
8.804999999999999716e+01
8.893999999999999773e+01
8.856999999999999318e+01
8.867000000000000171e+01
8.401999999999999602e+01
8.834999999999999432e+01
8.690000000000000568e+01
8.848999999999999488e+01
8.820999999999999375e+01
8.901999999999999602e+01
8.875000000000000000e+01
8.645000000000000284e+01
8.979999999999999716e+01
8.837999999999999545e+01
8.931999999999999318e+01
8.915000000000000568e+01
8.826999999999999602e+01
8.731000000000000227e+01
8.842000000000000171e+01
8.925000000000000000e+01
8.884999999999999432e+01
8.823999999999999488e+01
8.803000000000000114e+01
9.046999999999999886e+01
8.750000000000000000e+01
8.912000000000000455e+01
8.931999999999999318e+01
8.859000000000000341e+01
8.876999999999999602e+01
8.798000000000000398e+01
8.968000000000000682e+01
8.740000000000000568e+01
9.037999999999999545e+01
8.812999999999999545e+01
9.343000000000000682e+01
9.337999999999999545e+01
9.370999999999999375e+01
9.389000000000000057e+01
9.390999999999999659e+01
9.387000000000000455e+01
9.412000000000000455e+01
9.398999999999999488e+01
9.426000000000000512e+01
9.425000000000000000e+01
9.415000000000000568e+01
9.431999999999999318e+01
9.423000000000000398e+01
9.412999999999999545e+01
9.431999999999999318e+01
9.420999999999999375e+01
9.431999999999999318e+01
9.454999999999999716e+01
9.459000000000000341e+01
9.456999999999999318e+01
9.450000000000000000e+01
9.440000000000000568e+01
9.440000000000000568e+01
9.446999999999999886e+01
9.431000000000000227e+01
9.431999999999999318e+01
9.440999999999999659e+01
9.451999999999999602e+01
9.451999999999999602e+01
9.467000000000000171e+01
9.431000000000000227e+01
9.467000000000000171e+01
9.465999999999999659e+01
9.437000000000000455e+01
9.462000000000000455e+01
9.445000000000000284e+01
9.460999999999999943e+01
9.456999999999999318e+01
9.454999999999999716e+01
9.451999999999999602e+01
9.468000000000000682e+01
9.487000000000000455e+01
9.489000000000000057e+01
9.482999999999999829e+01
9.481000000000000227e+01
9.481000000000000227e+01
9.476999999999999602e+01
9.473000000000000398e+01
9.484999999999999432e+01
9.478000000000000114e+01
9.475000000000000000e+01
9.479999999999999716e+01
9.479999999999999716e+01
9.481000000000000227e+01
9.490000000000000568e+01
9.492000000000000171e+01
9.493000000000000682e+01
9.484000000000000341e+01
9.484000000000000341e+01
9.490999999999999659e+01
9.490000000000000568e+01
9.493999999999999773e+01
9.489000000000000057e+01
9.496999999999999886e+01
9.496999999999999886e+01
9.503000000000000114e+01
9.500000000000000000e+01
9.489000000000000057e+01
9.484000000000000341e+01
9.500000000000000000e+01
9.489000000000000057e+01
9.493000000000000682e+01
9.493999999999999773e+01
9.490000000000000568e+01
9.484999999999999432e+01
9.489000000000000057e+01
9.487999999999999545e+01
9.495999999999999375e+01
9.495999999999999375e+01
9.493999999999999773e+01
9.507999999999999829e+01
