2.289999999999999858e+01
3.087999999999999901e+01
3.954999999999999716e+01
4.339000000000000057e+01
4.778000000000000114e+01
4.967000000000000171e+01
5.939000000000000057e+01
6.157000000000000028e+01
6.751999999999999602e+01
7.062000000000000455e+01
7.293000000000000682e+01
7.546999999999999886e+01
7.568999999999999773e+01
7.812999999999999545e+01
7.804000000000000625e+01
8.048000000000000398e+01
7.979999999999999716e+01
8.089000000000000057e+01
8.020999999999999375e+01
8.059999999999999432e+01
8.129999999999999716e+01
8.276000000000000512e+01
8.396999999999999886e+01
8.268000000000000682e+01
8.298999999999999488e+01
8.390000000000000568e+01
8.243000000000000682e+01
8.509000000000000341e+01
8.490999999999999659e+01
8.339000000000000057e+01
8.525000000000000000e+01
8.562999999999999545e+01
8.562999999999999545e+01
8.350000000000000000e+01
8.167000000000000171e+01
8.703000000000000114e+01
8.700000000000000000e+01
8.704000000000000625e+01
8.657999999999999829e+01
8.642000000000000171e+01
8.551999999999999602e+01
8.645000000000000284e+01
8.717000000000000171e+01
8.807999999999999829e+01
8.734999999999999432e+01
8.623999999999999488e+01
8.579000000000000625e+01
8.771999999999999886e+01
8.759999999999999432e+01
8.734999999999999432e+01
8.837999999999999545e+01
8.804999999999999716e+01
8.725000000000000000e+01
8.742000000000000171e+01
8.721999999999999886e+01
8.762000000000000455e+01
8.745999999999999375e+01
8.829000000000000625e+01
8.771999999999999886e+01
8.837000000000000455e+01
8.934999999999999432e+01
8.682999999999999829e+01
8.726000000000000512e+01
8.929999999999999716e+01
8.895999999999999375e+01
8.951999999999999602e+01
8.781000000000000227e+01
8.467000000000000171e+01
8.901000000000000512e+01
8.803000000000000114e+01
8.831999999999999318e+01
8.985999999999999943e+01
8.934000000000000341e+01
9.000000000000000000e+01
8.817000000000000171e+01
8.681000000000000227e+01
8.934000000000000341e+01
9.017000000000000171e+01
9.012000000000000455e+01
9.382999999999999829e+01
9.412000000000000455e+01
9.420999999999999375e+01
9.429999999999999716e+01
9.453000000000000114e+01
9.445000000000000284e+01
9.423999999999999488e+01
9.445000000000000284e+01
9.445000000000000284e+01
9.475000000000000000e+01
9.471999999999999886e+01
9.446999999999999886e+01
9.450000000000000000e+01
9.456999999999999318e+01
9.457999999999999829e+01
9.460999999999999943e+01
9.459999999999999432e+01
9.454999999999999716e+01
9.459000000000000341e+01
9.456999999999999318e+01
9.456999999999999318e+01
9.478000000000000114e+01
9.465999999999999659e+01
9.464000000000000057e+01
9.471999999999999886e+01
9.471999999999999886e+01
9.440000000000000568e+01
9.459000000000000341e+01
9.460999999999999943e+01
9.467000000000000171e+01
9.493999999999999773e+01
9.473000000000000398e+01
9.476999999999999602e+01
9.471999999999999886e+01
9.484999999999999432e+01
9.485999999999999943e+01
9.445999999999999375e+01
9.459000000000000341e+01
9.468000000000000682e+01
9.481999999999999318e+01
9.515000000000000568e+01
9.515000000000000568e+01
9.525000000000000000e+01
9.523999999999999488e+01
9.529000000000000625e+01
9.531000000000000227e+01
9.529000000000000625e+01
9.526999999999999602e+01
9.534999999999999432e+01
9.529000000000000625e+01
9.534000000000000341e+01
9.523999999999999488e+01
9.526999999999999602e+01
9.518999999999999773e+01
9.525000000000000000e+01
9.528000000000000114e+01
9.526999999999999602e+01
9.518000000000000682e+01
9.520000000000000284e+01
9.535999999999999943e+01
9.521999999999999886e+01
9.531999999999999318e+01
9.526000000000000512e+01
9.534000000000000341e+01
9.525000000000000000e+01
9.521999999999999886e+01
9.526000000000000512e+01
9.542000000000000171e+01
9.540999999999999659e+01
9.529000000000000625e+01
9.526000000000000512e+01
9.545000000000000284e+01
9.523999999999999488e+01
9.526000000000000512e+01
9.523000000000000398e+01
9.537000000000000455e+01
9.537000000000000455e+01
9.534000000000000341e+01
9.523999999999999488e+01
9.523000000000000398e+01
9.520999999999999375e+01
