1.000000000000000000e+01
1.000999999999999979e+01
1.000000000000000000e+01
1.000000000000000000e+01
1.238000000000000078e+01
1.996000000000000085e+01
2.408999999999999986e+01
2.919000000000000128e+01
3.213000000000000256e+01
3.899000000000000199e+01
4.618999999999999773e+01
5.090999999999999659e+01
5.871999999999999886e+01
5.785000000000000142e+01
5.464999999999999858e+01
6.146999999999999886e+01
6.965999999999999659e+01
7.203000000000000114e+01
7.423999999999999488e+01
7.331000000000000227e+01
7.479000000000000625e+01
7.920000000000000284e+01
7.800000000000000000e+01
7.929999999999999716e+01
7.351000000000000512e+01
8.142000000000000171e+01
7.670999999999999375e+01
8.029000000000000625e+01
7.951000000000000512e+01
8.240000000000000568e+01
8.264000000000000057e+01
8.223000000000000398e+01
7.907999999999999829e+01
8.509999999999999432e+01
8.217000000000000171e+01
8.073999999999999488e+01
8.429000000000000625e+01
8.529999999999999716e+01
8.548999999999999488e+01
8.510999999999999943e+01
8.634999999999999432e+01
8.240000000000000568e+01
8.384000000000000341e+01
8.421999999999999886e+01
8.429000000000000625e+01
8.590000000000000568e+01
8.759000000000000341e+01
8.567000000000000171e+01
8.456000000000000227e+01
8.443000000000000682e+01
8.337000000000000455e+01
8.578000000000000114e+01
8.806000000000000227e+01
8.806000000000000227e+01
8.751999999999999602e+01
8.673999999999999488e+01
8.301999999999999602e+01
8.640999999999999659e+01
8.634999999999999432e+01
8.626999999999999602e+01
8.823999999999999488e+01
8.829000000000000625e+01
8.785999999999999943e+01
8.776999999999999602e+01
8.831999999999999318e+01
8.821999999999999886e+01
8.778000000000000114e+01
8.654000000000000625e+01
8.670999999999999375e+01
8.843000000000000682e+01
8.176000000000000512e+01
8.848999999999999488e+01
8.831000000000000227e+01
8.962999999999999545e+01
8.814000000000000057e+01
8.626000000000000512e+01
8.670000000000000284e+01
8.892000000000000171e+01
8.865000000000000568e+01
9.273999999999999488e+01
9.314000000000000057e+01
9.345000000000000284e+01
9.368999999999999773e+01
9.351999999999999602e+01
9.367000000000000171e+01
9.390999999999999659e+01
9.378000000000000114e+01
9.390000000000000568e+01
9.389000000000000057e+01
9.385999999999999943e+01
9.409000000000000341e+01
9.423999999999999488e+01
9.404000000000000625e+01
9.387000000000000455e+01
9.401999999999999602e+01
9.412999999999999545e+01
9.417000000000000171e+01
9.425000000000000000e+01
9.434000000000000341e+01
9.426000000000000512e+01
9.412999999999999545e+01
9.426999999999999602e+01
9.434999999999999432e+01
9.421999999999999886e+01
9.431000000000000227e+01
9.437999999999999545e+01
9.443999999999999773e+01
9.431000000000000227e+01
9.428000000000000114e+01
9.454000000000000625e+01
9.451999999999999602e+01
9.417000000000000171e+01
9.465000000000000568e+01
9.439000000000000057e+01
9.448000000000000398e+01
9.414000000000000057e+01
9.445000000000000284e+01
9.468999999999999773e+01
9.456000000000000227e+01
9.490999999999999659e+01
9.489000000000000057e+01
9.484999999999999432e+01
9.493999999999999773e+01
9.482999999999999829e+01
9.504999999999999716e+01
9.495000000000000284e+01
9.501999999999999602e+01
9.496999999999999886e+01
9.501999999999999602e+01
9.504999999999999716e+01
9.504999999999999716e+01
9.501000000000000512e+01
9.503000000000000114e+01
9.504999999999999716e+01
9.487999999999999545e+01
9.501000000000000512e+01
9.496999999999999886e+01
9.493999999999999773e+01
9.498999999999999488e+01
9.500000000000000000e+01
9.506999999999999318e+01
9.500000000000000000e+01
9.487999999999999545e+01
9.490999999999999659e+01
9.485999999999999943e+01
9.503000000000000114e+01
9.510999999999999943e+01
9.498999999999999488e+01
9.506000000000000227e+01
9.510999999999999943e+01
9.501000000000000512e+01
9.487999999999999545e+01
9.512000000000000455e+01
9.520000000000000284e+01
9.509000000000000341e+01
9.509000000000000341e+01
9.515000000000000568e+01
9.498999999999999488e+01
9.509999999999999432e+01
9.509000000000000341e+01
