9.990000000000000213e+00
1.198000000000000043e+01
1.846999999999999886e+01
1.989000000000000057e+01
2.519000000000000128e+01
3.560000000000000142e+01
4.310000000000000142e+01
5.192999999999999972e+01
5.907000000000000028e+01
6.089999999999999858e+01
6.543000000000000682e+01
6.873999999999999488e+01
7.229999999999999716e+01
6.768000000000000682e+01
7.079999999999999716e+01
7.279000000000000625e+01
7.193999999999999773e+01
7.759999999999999432e+01
7.406000000000000227e+01
7.259000000000000341e+01
7.926999999999999602e+01
7.973999999999999488e+01
8.173999999999999488e+01
8.145000000000000284e+01
8.312000000000000455e+01
8.095000000000000284e+01
8.173000000000000398e+01
8.279000000000000625e+01
8.401000000000000512e+01
8.351000000000000512e+01
8.304999999999999716e+01
8.321999999999999886e+01
8.418999999999999773e+01
8.418999999999999773e+01
8.262999999999999545e+01
8.584000000000000341e+01
8.434000000000000341e+01
8.459000000000000341e+01
8.623000000000000398e+01
8.539000000000000057e+01
8.679999999999999716e+01
8.621999999999999886e+01
8.654999999999999716e+01
8.621999999999999886e+01
8.679000000000000625e+01
8.759000000000000341e+01
8.595000000000000284e+01
8.701999999999999602e+01
8.681000000000000227e+01
8.632999999999999829e+01
8.839000000000000057e+01
8.520999999999999375e+01
8.623000000000000398e+01
8.917000000000000171e+01
8.798999999999999488e+01
8.568000000000000682e+01
8.818999999999999773e+01
8.854999999999999716e+01
8.865000000000000568e+01
8.829999999999999716e+01
8.681999999999999318e+01
8.770999999999999375e+01
8.873000000000000398e+01
8.679999999999999716e+01
8.871999999999999886e+01
8.892000000000000171e+01
8.800000000000000000e+01
8.793000000000000682e+01
8.848999999999999488e+01
8.848999999999999488e+01
8.950000000000000000e+01
8.953000000000000114e+01
8.959999999999999432e+01
8.867000000000000171e+01
8.343000000000000682e+01
8.804999999999999716e+01
8.928000000000000114e+01
8.965000000000000568e+01
9.034000000000000341e+01
9.295999999999999375e+01
9.329999999999999716e+01
9.367000000000000171e+01
9.373000000000000398e+01
9.379000000000000625e+01
9.392000000000000171e+01
9.401000000000000512e+01
9.396999999999999886e+01
9.395999999999999375e+01
9.389000000000000057e+01
9.415000000000000568e+01
9.426000000000000512e+01
9.409000000000000341e+01
9.412999999999999545e+01
9.432999999999999829e+01
9.435999999999999943e+01
9.429000000000000625e+01
9.451000000000000512e+01
9.420999999999999375e+01
9.431000000000000227e+01
9.451000000000000512e+01
9.428000000000000114e+01
9.432999999999999829e+01
9.448000000000000398e+01
9.451000000000000512e+01
9.429999999999999716e+01
9.437000000000000455e+01
9.432999999999999829e+01
9.442000000000000171e+01
9.457999999999999829e+01
9.451000000000000512e+01
9.467000000000000171e+01
9.470000000000000284e+01
9.434999999999999432e+01
9.475000000000000000e+01
9.420000000000000284e+01
9.434000000000000341e+01
9.471999999999999886e+01
9.451999999999999602e+01
9.445999999999999375e+01
9.496999999999999886e+01
9.500000000000000000e+01
9.504000000000000625e+01
9.512000000000000455e+01
9.507999999999999829e+01
9.503000000000000114e+01
9.515000000000000568e+01
9.520000000000000284e+01
9.509000000000000341e+01
9.512999999999999545e+01
9.510999999999999943e+01
9.515000000000000568e+01
9.510999999999999943e+01
9.523999999999999488e+01
9.515000000000000568e+01
9.525000000000000000e+01
9.520000000000000284e+01
9.523000000000000398e+01
9.531000000000000227e+01
9.515000000000000568e+01
9.523000000000000398e+01
9.521999999999999886e+01
9.535999999999999943e+01
9.535999999999999943e+01
9.528000000000000114e+01
9.520000000000000284e+01
9.532999999999999829e+01
9.525000000000000000e+01
9.517000000000000171e+01
9.529999999999999716e+01
9.534000000000000341e+01
9.520000000000000284e+01
9.535999999999999943e+01
9.526999999999999602e+01
9.537999999999999545e+01
9.534000000000000341e+01
9.537999999999999545e+01
9.532999999999999829e+01
9.529999999999999716e+01
9.529999999999999716e+01
9.534000000000000341e+01
